0 302 0.151106
0 297 0.161846
0 312 0.163733
0 165 0.230028
1 413 0.146733
1 313 0.158802
1 358 0.171346
1 208 0.173895
1 214 0.186518
1 99 0.251410
2 130 0.161135
2 495 0.179601
2 60 0.182880
2 257 0.255856
2 141 0.278891
3 388 0.268187
4 22 0.162613
4 36 0.176940
4 200 0.181535
4 296 0.186094
4 272 0.186563
4 433 0.188948
4 146 0.218459
5 340 0.140053
5 93 0.168596
5 149 0.187401
5 67 0.209536
5 423 0.217192
5 327 0.235640
6 110 0.138640
6 200 0.161658
6 54 0.165065
6 47 0.168642
6 250 0.175549
6 36 0.186143
6 13 0.187063
6 168 0.192875
6 337 0.195781
6 427 0.203546
6 152 0.234198
6 475 0.248121
7 210 0.165681
7 197 0.176969
7 373 0.178162
7 378 0.226251
7 299 0.265545
8 296 0.137519
8 47 0.140471
8 22 0.141110
8 476 0.144372
8 409 0.151022
8 350 0.160011
8 135 0.160159
8 160 0.168842
8 479 0.170274
8 103 0.213860
8 380 0.214715
8 474 0.236198
9 243 0.212176
9 142 0.260294
9 454 0.676294
9 159 0.680818
10 255 0.145794
10 433 0.155813
10 152 0.157442
10 409 0.159806
10 237 0.177284
10 47 0.261485
11 482 0.307098
12 495 0.172254
12 213 0.178529
12 389 0.309293
13 6 0.187063
13 251 0.195725
13 474 0.204150
13 272 0.215026
13 456 0.346650
13 212 0.477835
14 135 0.131360
14 170 0.138813
14 401 0.138825
14 203 0.151537
14 88 0.155966
14 365 0.166941
14 475 0.180171
14 255 0.181395
14 51 0.185053
14 237 0.192306
14 193 0.198018
14 230 0.216112
14 9 0.257059
15 457 0.144652
15 341 0.146803
15 232 0.148538
15 360 0.333953
16 471 0.236831
17 64 0.266677
18 279 0.154063
18 28 0.161888
19 277 0.171517
19 95 0.183548
19 105 0.188828
19 158 0.194309
19 99 0.201135
20 449 0.281358
21 86 0.158829
22 8 0.141110
22 403 0.150612
22 4 0.162613
22 66 0.165815
22 278 0.173244
22 189 0.178134
22 461 0.187262
22 275 0.188036
22 269 0.198810
22 73 0.297017
23 289 0.127741
24 464 0.140193
24 89 0.167703
24 314 0.174758
25 174 0.154675
25 203 0.173425
25 51 0.173818
25 129 0.175248
25 193 0.199948
25 365 0.239880
25 9 0.243159
25 389 0.433423
26 89 0.143323
26 90 0.181691
26 295 0.220293
26 314 0.225757
27 103 0.476577
28 151 0.159159
28 18 0.161888
28 248 0.169925
28 56 0.181377
28 422 0.253920
29 455 0.148811
29 470 0.195955
29 354 0.208324
30 486 0.128198
30 69 0.138568
30 231 0.141184
30 141 0.147802
30 444 0.160863
30 387 0.162713
30 326 0.180187
30 376 0.202973
31 60 0.142488
31 262 0.170945
31 209 0.197344
31 395 0.204881
31 65 0.206416
31 435 0.209376
31 155 0.211382
31 98 0.473491
32 434 0.236893
32 388 0.284203
33 308 0.157502
33 110 0.167136
33 54 0.192696
33 368 0.195431
33 136 0.218783
34 131 0.161069
34 187 0.183891
34 470 0.186962
34 86 0.187508
34 354 0.190953
34 120 0.196810
35 133 0.161846
35 138 0.163245
35 368 0.186891
36 4 0.176940
36 6 0.186143
36 435 0.204186
36 388 0.251498
36 348 0.256518
36 434 0.290998
37 308 0.186536
37 248 0.211946
37 270 0.686251
38 378 0.149690
38 271 0.159896
38 42 0.167636
38 450 0.369151
39 132 0.183642
40 290 0.124467
40 60 0.139119
40 150 0.161535
40 37 0.243773
41 113 0.168670
41 381 0.216793
41 307 0.310554
41 173 0.419401
42 99 0.130172
42 244 0.149857
42 38 0.167636
42 229 0.174379
42 178 0.176494
42 190 0.286328
42 137 0.289396
43 133 0.132352
43 456 0.192834
43 138 0.207076
44 479 0.169092
44 342 0.179110
44 448 0.188609
44 144 0.203712
44 214 0.213786
44 200 0.222875
44 179 0.223829
44 458 0.586239
45 311 0.144049
45 135 0.149795
45 459 0.163681
45 412 0.175197
45 386 0.178573
45 391 0.194507
45 351 0.194790
45 427 0.197723
45 406 0.235300
45 41 0.247450
45 369 0.431927
46 99 0.139231
46 291 0.180463
46 202 0.194952
46 207 0.204524
46 244 0.216905
46 70 0.249522
46 134 0.319763
47 8 0.140471
47 130 0.142525
47 127 0.147467
47 428 0.153660
47 308 0.157342
47 60 0.163138
47 6 0.168642
47 408 0.182500
47 85 0.183420
47 285 0.185366
47 435 0.187316
47 420 0.320160
48 487 0.147559
48 54 0.162389
48 476 0.169729
48 495 0.178147
48 302 0.178805
48 168 0.195071
48 312 0.198440
48 423 0.283971
49 220 0.151991
49 221 0.152029
49 127 0.174850
49 154 0.186507
49 119 0.187042
49 371 0.188959
49 467 0.213370
49 202 0.216597
49 402 0.277924
50 402 0.166873
50 449 0.221551
51 284 0.148632
51 436 0.158760
51 355 0.164512
51 325 0.164824
51 25 0.173818
51 349 0.181055
51 243 0.182210
51 14 0.185053
52 287 0.428999
52 27 0.494607
53 249 0.144720
53 293 0.155305
53 213 0.180559
54 71 0.156697
54 48 0.162389
54 6 0.165065
54 130 0.179849
54 37 0.261182
55 327 0.194543
55 429 0.239245
55 173 0.283267
56 438 0.168188
56 28 0.181377
56 279 0.216404
57 385 0.168706
57 202 0.185287
57 87 0.342973
57 194 0.871198
58 337 0.162253
58 491 0.174645
58 317 0.176557
58 243 0.194027
59 321 0.144606
59 116 0.158828
60 221 0.127769
60 40 0.139119
60 31 0.142488
60 100 0.148628
60 301 0.161008
60 47 0.163138
60 242 0.194471
60 143 0.203129
60 319 0.218403
61 441 0.169621
61 418 0.201895
61 229 0.236144
62 125 0.197009
62 491 0.199671
62 243 0.241586
62 221 0.304233
62 482 0.461673
63 177 0.159862
63 286 0.189317
63 216 0.189733
63 137 0.211271
63 157 0.232954
63 99 0.243115
64 103 0.214710
64 369 0.246964
64 17 0.266677
65 179 0.188650
65 342 0.199029
65 77 0.205693
65 155 0.276809
66 433 0.149201
66 373 0.151141
66 22 0.165815
66 126 0.174151
66 116 0.176045
66 210 0.179388
66 264 0.184928
66 282 0.190462
66 315 0.227137
67 250 0.194377
67 5 0.209536
67 457 0.399364
68 442 0.160146
68 239 0.162766
68 227 0.167850
68 463 0.173925
68 425 0.186986
69 30 0.138568
69 222 0.145635
69 238 0.148410
69 345 0.156096
69 333 0.158121
69 81 0.160268
69 245 0.161819
69 175 0.162567
69 295 0.168177
69 276 0.179347
69 79 0.186153
70 160 0.219851
70 103 0.237837
70 274 0.258892
70 369 0.340670
71 54 0.156697
71 430 0.162980
71 110 0.163119
71 262 0.171803
71 368 0.181101
72 167 0.162696
72 77 0.169339
72 330 0.182506
72 39 0.209561
73 160 0.204483
73 441 0.222624
73 364 0.338399
74 400 0.162892
74 471 0.231514
74 198 0.247724
74 124 0.364531
75 382 0.130366
75 199 0.133802
75 425 0.163969
75 235 0.196358
75 318 0.233423
75 338 0.300442
76 102 0.143256
76 157 0.150594
76 344 0.166566
76 413 0.186163
76 203 0.193566
76 256 0.215488
76 281 0.259600
76 440 0.267763
77 100 0.135945
77 301 0.146253
77 150 0.155173
77 132 0.162235
77 72 0.169339
77 65 0.205693
77 209 0.215006
78 245 0.172758
78 422 0.187416
78 90 0.204855
78 429 0.486672
79 496 0.154069
79 267 0.170563
79 333 0.200779
79 294 0.215811
79 112 0.353281
80 188 0.135498
80 170 0.136761
80 297 0.154636
80 468 0.155271
80 193 0.163416
80 199 0.186104
80 439 0.186540
80 406 0.259335
81 135 0.144711
81 140 0.146843
81 425 0.149333
81 386 0.154599
81 69 0.160268
81 102 0.161808
81 442 0.166439
81 460 0.167444
81 169 0.173078
81 239 0.181476
81 361 0.198424
81 268 0.233128
81 392 0.291646
82 94 0.057295
82 252 0.125934
83 304 0.138941
83 415 0.145429
83 387 0.151095
83 235 0.153084
83 444 0.153413
83 199 0.175690
84 468 0.168816
84 249 0.197531
84 302 0.223850
85 255 0.164856
85 401 0.172393
85 149 0.179930
85 221 0.181135
85 8 0.188309
85 269 0.197479
85 155 0.200361
86 21 0.158829
86 34 0.187508
86 352 0.189280
87 95 0.204141
87 184 0.218657
87 234 0.293220
88 264 0.145190
88 14 0.155966
88 322 0.162605
88 468 0.164925
88 148 0.166363
88 116 0.171333
88 370 0.189934
89 26 0.143323
89 24 0.167703
89 241 0.175267
89 320 0.196494
89 459 0.204832
89 424 0.216779
89 437 0.232364
90 298 0.157343
90 241 0.168609
90 228 0.170085
90 333 0.170722
90 26 0.181691
90 384 0.192037
91 469 0.162483
92 300 0.153398
92 248 0.164661
92 18 0.173257
93 341 0.139466
93 5 0.168596
93 357 0.174068
93 334 0.181727
93 204 0.226269
94 82 0.057295
95 411 0.180714
95 19 0.183548
95 274 0.199556
95 87 0.204141
96 254 0.155233
96 177 0.161028
96 378 0.214224
97 304 0.162977
97 399 0.170670
97 346 0.177300
98 419 0.255964
98 164 0.317075
98 303 0.333749
99 42 0.130172
99 46 0.139231
99 129 0.144308
99 343 0.146227
99 157 0.251177
100 77 0.135945
100 60 0.148628
100 330 0.162514
100 262 0.175479
101 231 0.150793
101 141 0.153650
101 476 0.154745
101 156 0.157339
101 453 0.162328
101 242 0.164179
101 262 0.171005
101 2 0.172077
101 448 0.194936
102 76 0.143256
102 175 0.155400
102 81 0.161808
102 264 0.174648
102 273 0.176023
102 284 0.182229
102 479 0.189102
102 412 0.226184
102 206 0.234635
102 52 0.475123
103 8 0.213860
103 64 0.214710
103 70 0.237837
103 347 0.269379
103 182 0.286517
103 287 0.386319
103 27 0.476577
104 413 0.152944
104 254 0.169440
104 310 0.464374
105 172 0.168402
105 385 0.168627
105 274 0.170764
105 436 0.171571
105 128 0.187510
105 19 0.188828
106 465 0.129145
106 293 0.160586
107 201 0.258703
108 121 0.175272
108 405 0.230281
108 260 0.240409
108 440 0.266769
108 354 0.310678
109 382 0.125420
109 393 0.129508
109 115 0.158943
109 312 0.171003
109 453 0.173443
109 444 0.176292
110 6 0.138640
110 328 0.162905
110 71 0.163119
110 33 0.167136
110 35 0.199175
111 400 0.190114
111 286 0.235506
111 21 0.574803
112 199 0.158338
112 318 0.174666
112 281 0.205319
112 304 0.258610
113 421 0.142819
113 259 0.155112
113 258 0.156436
113 45 0.161373
113 461 0.167365
113 41 0.168670
113 175 0.173479
113 264 0.180486
113 59 0.238211
113 261 0.388127
114 227 0.144068
114 442 0.189239
114 233 0.189435
114 426 0.247321
115 465 0.135478
115 165 0.138634
115 213 0.147792
115 316 0.155819
115 109 0.158943
115 0 0.163953
115 261 0.206635
116 59 0.158828
116 461 0.167803
116 88 0.171333
116 66 0.176045
116 258 0.180050
116 381 0.183471
116 41 0.200988
116 440 0.235399
117 471 0.164343
117 405 0.186719
118 293 0.107788
118 452 0.169156
119 151 0.149882
119 340 0.164166
119 215 0.177503
119 154 0.203769
119 422 0.230446
119 467 0.297603
120 253 0.150743
120 161 0.162668
120 34 0.196810
120 332 0.228591
121 170 0.138487
121 370 0.140909
121 255 0.162613
121 264 0.166054
121 400 0.169839
121 108 0.175272
121 122 0.189615
121 135 0.191526
121 460 0.194350
121 361 0.206106
122 161 0.148675
122 148 0.155421
122 256 0.158248
122 455 0.173053
122 473 0.175869
122 349 0.179362
122 358 0.181051
122 439 0.204012
123 450 0.158227
123 178 0.177335
124 432 0.194575
124 473 0.201678
125 408 0.142698
125 62 0.197009
125 202 0.197138
125 196 0.198489
125 45 0.227350
125 103 0.259234
125 226 0.282827
126 468 0.149283
126 161 0.154575
126 66 0.174151
127 47 0.147467
127 49 0.174850
127 219 0.191231
127 162 0.204153
127 367 0.232309
127 40 0.263055
128 105 0.187510
128 286 0.194800
128 493 0.200519
128 157 0.330679
129 99 0.144308
129 160 0.146532
129 284 0.147886
129 291 0.158524
129 349 0.159637
129 431 0.173902
129 25 0.175248
129 172 0.178467
129 207 0.190140
129 158 0.199006
130 476 0.132948
130 47 0.142525
130 156 0.155662
130 2 0.161135
130 224 0.173157
130 54 0.179849
130 211 0.189953
131 34 0.161069
131 255 0.161936
131 455 0.224981
132 77 0.162235
132 167 0.170148
132 39 0.183642
133 43 0.132352
133 35 0.161846
133 451 0.162223
134 355 0.194253
134 174 0.247571
134 234 0.543317
135 14 0.131360
135 81 0.144711
135 45 0.149795
135 259 0.150668
135 397 0.153427
135 8 0.160159
135 407 0.169889
135 156 0.171341
135 149 0.176048
135 325 0.207223
135 493 0.277210
135 131 0.318404
136 138 0.180458
136 133 0.209253
136 33 0.218783
136 429 0.669719
137 254 0.205941
137 286 0.258541
138 328 0.147446
138 35 0.163245
138 430 0.170738
138 136 0.180458
138 43 0.207076
138 13 0.220617
139 175 0.182844
139 284 0.192122
139 412 0.208072
139 57 0.268064
139 90 0.308584
140 281 0.142196
140 81 0.146843
140 242 0.187034
140 420 0.187238
140 397 0.188324
140 236 0.192447
140 30 0.192472
141 30 0.147802
141 346 0.150762
141 101 0.153650
141 447 0.183959
142 191 0.136928
142 211 0.137742
142 297 0.157237
142 478 0.162138
142 48 0.172447
142 433 0.177877
142 25 0.213103
142 47 0.270373
142 68 0.342244
143 150 0.146363
143 285 0.164470
143 362 0.174537
143 334 0.244625
143 326 0.293292
144 244 0.182012
144 104 0.197273
144 390 0.199767
144 44 0.203712
144 196 0.283031
145 329 0.168219
145 323 0.172346
145 260 0.190792
145 240 0.313045
146 398 0.180458
146 275 0.193737
146 416 0.205375
146 315 0.226443
146 190 0.254284
146 160 0.305767
147 173 0.223558
148 122 0.155421
148 88 0.166363
148 373 0.170240
149 408 0.145637
149 220 0.160125
149 311 0.166766
149 85 0.179930
149 196 0.211943
149 62 0.266905
149 423 0.270530
149 51 0.313318
149 381 0.450329
150 181 0.142939
150 143 0.146363
150 77 0.155173
150 40 0.161535
151 119 0.149882
151 28 0.159159
151 324 0.169643
151 438 0.171784
151 300 0.274592
152 10 0.157442
152 487 0.177654
152 133 0.453440
153 382 0.131794
153 235 0.145535
153 312 0.152421
153 425 0.166373
153 193 0.169385
153 261 0.177609
153 222 0.188877
153 424 0.213006
154 248 0.181246
154 49 0.186507
154 185 0.200368
154 269 0.214668
154 396 0.225588
154 422 0.255907
155 85 0.200361
155 242 0.206446
155 31 0.211382
155 191 0.234247
155 21 0.693746
156 428 0.132167
156 220 0.140163
156 236 0.146563
156 221 0.148910
156 245 0.151219
156 130 0.155662
156 267 0.156483
156 326 0.156839
156 101 0.157339
156 135 0.171341
157 76 0.150594
157 254 0.211874
157 286 0.340091
157 240 0.541838
158 385 0.189769
158 271 0.192824
158 19 0.194309
158 172 0.216351
159 359 0.190504
160 129 0.146532
160 243 0.152240
160 8 0.168842
160 189 0.176809
160 73 0.204483
160 102 0.218694
160 70 0.219851
160 229 0.240406
160 488 0.275877
160 210 0.279096
160 11 0.651769
161 122 0.148675
161 255 0.151081
161 126 0.154575
161 120 0.162668
161 88 0.169442
161 409 0.170721
161 470 0.179730
161 400 0.193157
161 365 0.196106
162 127 0.204153
162 419 0.214597
162 467 0.283138
163 216 0.176954
163 431 0.214710
163 176 0.307161
163 137 0.335344
164 380 0.286456
165 115 0.138634
165 393 0.146792
165 106 0.186697
166 460 0.177341
166 421 0.189333
166 169 0.215653
166 45 0.229893
166 180 0.257714
167 72 0.162696
167 132 0.170148
167 447 0.195361
167 65 0.262143
168 376 0.172265
168 6 0.192875
168 48 0.195071
168 43 0.393598
169 336 0.135266
169 241 0.159179
169 472 0.165182
169 81 0.173078
169 320 0.190562
169 421 0.217901
169 78 0.301963
170 198 0.121023
170 80 0.136761
170 121 0.138487
170 14 0.138813
170 462 0.152849
170 425 0.153962
170 318 0.168876
170 356 0.229263
171 469 0.142487
171 381 0.159028
171 192 0.167720
171 217 0.175468
171 458 0.184687
171 379 0.192379
172 105 0.168402
172 129 0.178467
172 29 0.360993
173 351 0.181462
173 147 0.223558
173 305 0.228567
173 55 0.283267
174 25 0.154675
174 385 0.191265
174 134 0.247571
175 313 0.147836
175 102 0.155400
175 69 0.162567
175 437 0.172519
175 113 0.173479
175 139 0.182844
175 460 0.213486
176 299 0.146680
176 373 0.152841
176 217 0.154038
176 266 0.191380
177 409 0.148768
177 244 0.153459
177 256 0.154804
177 197 0.154869
177 63 0.159862
177 96 0.161028
177 358 0.162248
177 76 0.199598
178 343 0.158704
178 123 0.177335
178 390 0.181904
178 38 0.243763
179 325 0.159236
179 65 0.188650
179 474 0.217042
179 44 0.223829
179 319 0.232446
179 396 0.332271
179 19 0.341415
180 370 0.164859
180 131 0.211556
180 253 0.214038
181 150 0.142939
181 300 0.173590
181 132 0.184310
182 103 0.286517
183 336 0.151650
183 283 0.151777
183 464 0.155320
184 274 0.163704
184 441 0.184428
184 339 0.192465
184 87 0.218657
185 479 0.177453
185 154 0.200368
185 220 0.259591
185 342 0.307930
186 249 0.148149
186 489 0.174224
186 82 0.379784
187 34 0.183891
187 253 0.193292
188 80 0.135498
188 462 0.138335
188 231 0.165411
188 191 0.173699
188 75 0.179365
188 318 0.183233
188 237 0.204178
189 331 0.173278
189 160 0.176809
189 398 0.178070
189 296 0.204935
189 190 0.223613
189 230 0.255496
189 64 0.263131
189 275 0.289526
190 307 0.218995
190 189 0.223613
190 390 0.360934
190 309 0.397845
191 142 0.136928
191 476 0.150893
191 188 0.173699
191 495 0.176816
191 480 0.193055
191 255 0.218641
191 365 0.230377
192 171 0.167720
192 416 0.227394
193 313 0.146971
193 80 0.163416
193 153 0.169385
193 25 0.199948
193 494 0.207466
194 443 0.111239
195 240 0.164597
195 329 0.167480
195 233 0.204468
196 125 0.198489
196 479 0.219868
196 15 0.387813
197 177 0.154869
197 455 0.165760
197 7 0.176969
197 470 0.203877
197 216 0.217563
197 66 0.218844
197 271 0.262378
198 170 0.121023
198 227 0.144436
198 108 0.175725
198 260 0.177973
198 475 0.197916
198 264 0.202297
198 292 0.225124
199 75 0.133802
199 238 0.141286
199 375 0.154537
199 370 0.158223
199 112 0.158338
199 231 0.158702
199 321 0.165967
199 80 0.186104
199 361 0.208699
200 476 0.149287
200 6 0.161658
200 4 0.181535
200 435 0.187729
200 395 0.218000
200 410 0.219542
200 44 0.222875
200 269 0.240041
201 309 0.182196
201 348 0.209767
201 394 0.253222
201 107 0.258703
201 369 0.307150
202 325 0.164495
202 479 0.165411
202 57 0.185287
202 160 0.189704
202 46 0.194952
202 125 0.197138
202 47 0.199573
202 319 0.229525
202 396 0.231227
202 474 0.245109
203 409 0.132862
203 214 0.140890
203 14 0.151537
203 358 0.152710
203 313 0.152974
203 372 0.158698
203 433 0.160179
203 461 0.164280
203 244 0.172852
203 25 0.173425
203 479 0.174425
203 258 0.190186
204 408 0.206282
204 360 0.248341
204 50 0.278368
204 497 0.401299
205 283 0.131407
205 289 0.156974
206 292 0.176249
206 227 0.198699
206 488 0.200525
206 335 0.219666
206 412 0.298929
206 280 0.610189
207 274 0.155207
207 229 0.164367
207 441 0.172785
207 129 0.190140
207 277 0.299791
208 254 0.154431
208 1 0.173895
208 251 0.240936
209 31 0.197344
209 72 0.271681
209 146 0.459566
210 364 0.139423
210 275 0.160088
210 217 0.163764
210 7 0.165681
210 218 0.169146
210 431 0.176304
210 66 0.179388
210 440 0.239788
211 142 0.137742
211 401 0.149160
211 222 0.156807
211 453 0.163674
211 312 0.173315
211 423 0.192322
211 257 0.192854
211 115 0.205059
211 2 0.226696
211 406 0.228609
212 297 0.172201
212 494 0.192066
212 249 0.194707
212 174 0.316013
213 115 0.147792
213 297 0.154593
213 257 0.174094
213 12 0.178529
213 53 0.180559
213 211 0.190727
214 203 0.140890
214 291 0.182589
214 494 0.189544
214 476 0.192839
214 44 0.213786
214 302 0.276735
215 220 0.130741
215 221 0.134296
215 404 0.153132
215 245 0.164636
215 362 0.165500
215 119 0.177503
215 326 0.198719
216 409 0.156084
216 292 0.165639
216 163 0.176954
216 63 0.189733
216 488 0.234322
216 111 0.280119
217 176 0.154038
217 210 0.163764
217 282 0.172349
217 171 0.175468
217 148 0.271015
218 210 0.169146
218 379 0.184900
218 116 0.187926
218 269 0.191414
218 4 0.240100
218 395 0.247977
219 296 0.176567
219 127 0.191231
219 434 0.219972
219 110 0.257338
220 285 0.123969
220 215 0.130741
220 496 0.138944
220 156 0.140163
220 340 0.145524
220 49 0.151991
220 149 0.160125
220 224 0.207242
220 363 0.209689
221 60 0.127769
221 215 0.134296
221 290 0.146856
221 156 0.148910
221 248 0.150525
221 49 0.152029
221 285 0.152105
221 224 0.160717
221 2 0.175375
221 85 0.181135
222 69 0.145635
222 231 0.149889
222 211 0.156807
222 267 0.163774
222 444 0.177120
222 404 0.306014
223 317 0.136811
223 491 0.177352
223 265 0.220742
224 221 0.160717
224 257 0.197357
224 401 0.205527
224 438 0.408247
225 466 0.130733
225 334 0.135417
225 232 0.139721
225 341 0.153357
225 204 0.308334
226 420 0.187231
226 311 0.241634
226 443 0.675769
227 397 0.143555
227 114 0.144068
227 198 0.144436
227 281 0.150154
227 329 0.165452
227 68 0.167850
227 323 0.172066
227 81 0.175171
227 226 0.234367
227 117 0.330211
228 351 0.161118
228 90 0.170085
228 327 0.201566
229 207 0.164367
229 42 0.174379
230 433 0.162598
230 348 0.215185
230 268 0.231496
230 417 0.304204
230 32 0.480242
231 30 0.141184
231 312 0.143284
231 101 0.150793
231 345 0.151167
231 401 0.152597
231 199 0.158702
231 425 0.163888
231 313 0.164040
231 188 0.165411
231 325 0.223955
232 270 0.132597
232 225 0.139721
232 15 0.148538
233 114 0.189435
233 281 0.194567
233 195 0.204468
234 411 0.236693
235 238 0.141869
235 153 0.145535
235 83 0.153084
236 156 0.146563
236 311 0.168313
236 49 0.185593
236 140 0.192447
236 294 0.200493
236 224 0.214370
236 422 0.267848
236 471 0.432651
237 10 0.177284
237 480 0.182640
237 478 0.182649
237 439 0.194228
237 475 0.225487
237 356 0.229615
237 318 0.250120
238 199 0.141286
238 235 0.141869
238 336 0.144329
238 69 0.148410
238 425 0.161572
238 387 0.164430
238 460 0.174712
239 68 0.162766
239 397 0.174460
239 81 0.181476
239 288 0.192797
239 353 0.238721
239 402 0.264999
240 195 0.164597
241 169 0.159179
241 90 0.168609
241 89 0.175267
241 464 0.180035
242 101 0.164179
242 140 0.187034
242 60 0.194471
242 258 0.195532
242 155 0.206446
242 480 0.243578
242 292 0.264487
242 179 0.274664
243 441 0.150054
243 160 0.152240
243 493 0.161654
243 414 0.169403
243 498 0.171877
243 51 0.182210
243 58 0.194027
243 412 0.206866
243 9 0.212176
243 57 0.265501
244 431 0.129447
244 42 0.149857
244 254 0.152880
244 177 0.153459
244 331 0.155500
244 251 0.176586
244 413 0.181567
244 144 0.182012
244 214 0.212647
245 311 0.147655
245 156 0.151219
245 69 0.161819
245 215 0.164636
245 78 0.172758
245 496 0.176730
245 294 0.176842
246 336 0.124103
246 283 0.162970
246 298 0.321190
247 336 0.161368
247 387 0.170283
247 281 0.171698
247 338 0.171943
247 442 0.212831
248 221 0.150525
248 362 0.153584
248 92 0.164661
248 28 0.169925
248 154 0.181246
248 404 0.186141
248 37 0.211946
249 465 0.125266
249 53 0.144720
249 186 0.148149
249 452 0.171518
249 212 0.194707
249 84 0.197531
250 6 0.175549
250 308 0.186187
250 67 0.194377
250 408 0.224414
250 136 0.252911
251 244 0.176586
251 13 0.195725
251 342 0.359194
252 293 0.097497
252 82 0.125934
253 473 0.146613
253 120 0.150743
253 122 0.173258
253 439 0.184081
253 255 0.185780
253 187 0.193292
253 470 0.220430
254 374 0.147768
254 244 0.152880
254 208 0.154431
254 484 0.154714
254 96 0.155233
254 104 0.169440
254 99 0.187917
254 63 0.195392
254 137 0.205941
254 157 0.211874
255 10 0.145794
255 161 0.151081
255 131 0.161936
255 121 0.162613
255 85 0.164856
255 231 0.240888
256 177 0.154804
256 122 0.158248
256 344 0.240647
257 213 0.174094
257 224 0.197357
257 495 0.298369
258 113 0.156436
258 476 0.160574
258 269 0.163504
258 203 0.190186
258 395 0.204463
258 448 0.207079
258 236 0.253708
259 345 0.146504
259 135 0.150668
259 113 0.155112
259 268 0.156464
259 476 0.160233
259 313 0.176890
259 278 0.224580
259 64 0.299582
260 198 0.177973
260 145 0.190792
260 432 0.247878
261 153 0.177609
261 406 0.200359
261 115 0.206635
262 410 0.144841
262 495 0.169166
262 31 0.170945
262 101 0.171005
262 71 0.171803
262 200 0.192655
263 463 0.250556
264 409 0.134795
264 88 0.145190
264 440 0.163916
264 121 0.166054
264 102 0.174648
264 397 0.176758
264 113 0.180486
264 315 0.290057
265 418 0.136412
265 454 0.194184
266 470 0.185951
266 176 0.191380
266 352 0.210419
267 401 0.143614
267 156 0.156483
267 311 0.157780
267 222 0.163774
267 79 0.170563
267 5 0.205038
267 423 0.206179
267 406 0.236517
268 259 0.156464
268 350 0.213183
268 348 0.254743
268 320 0.361275
269 258 0.163504
269 218 0.191414
269 149 0.214096
269 154 0.214668
269 350 0.227608
269 144 0.365216
269 150 0.396069
270 232 0.132597
270 443 0.138401
271 431 0.142520
271 38 0.159896
271 158 0.192824
271 364 0.208222
271 73 0.231315
272 4 0.186563
272 487 0.203998
272 379 0.226173
272 138 0.250893
273 413 0.154716
273 102 0.176023
273 437 0.182374
273 254 0.204057
273 391 0.210970
273 331 0.222477
274 207 0.155207
274 184 0.163704
274 105 0.170764
274 57 0.198406
274 95 0.199556
275 210 0.160088
275 22 0.188036
275 146 0.193737
275 379 0.194457
275 192 0.222183
276 428 0.156336
276 326 0.171399
276 69 0.179347
276 448 0.240396
277 343 0.141372
277 19 0.171517
278 409 0.147919
278 4 0.194797
278 397 0.206681
278 189 0.210522
278 315 0.231409
278 237 0.236732
278 419 0.291359
278 34 0.351627
279 18 0.154063
280 288 0.365841
281 140 0.142196
281 227 0.150154
281 247 0.171698
281 425 0.175375
281 361 0.183091
281 233 0.194567
281 112 0.205319
282 217 0.172349
282 433 0.192122
282 372 0.194358
282 84 0.223494
282 59 0.336130
283 205 0.131407
283 304 0.132578
283 183 0.151777
283 399 0.164161
283 247 0.191914
283 235 0.210575
284 129 0.147886
284 51 0.148632
284 102 0.182229
284 413 0.189660
284 139 0.192122
284 202 0.233325
285 220 0.123969
285 221 0.152105
285 324 0.163715
285 143 0.164470
285 308 0.188489
285 67 0.242655
286 471 0.184380
286 63 0.189317
286 128 0.194800
286 111 0.235506
287 407 0.380434
287 52 0.428999
288 239 0.192797
288 263 0.273869
288 280 0.365841
289 23 0.127741
289 485 0.149065
289 304 0.156669
289 205 0.156974
290 40 0.124467
290 221 0.146856
290 300 0.157292
290 362 0.164950
290 301 0.171535
291 129 0.158524
291 403 0.167544
291 474 0.177703
291 385 0.180513
291 214 0.182589
291 8 0.184205
292 344 0.158474
292 216 0.165639
292 206 0.176249
292 135 0.178929
292 400 0.182331
292 365 0.198933
292 471 0.205186
293 252 0.097497
293 118 0.107788
293 53 0.155305
293 106 0.160586
293 186 0.205737
294 326 0.168048
294 245 0.176842
294 486 0.185742
294 222 0.187970
294 404 0.197486
295 336 0.154489
295 69 0.168177
295 26 0.220293
295 437 0.286123
295 422 0.308378
296 8 0.137519
296 219 0.176567
296 6 0.179612
296 435 0.184826
296 388 0.193731
296 419 0.227501
296 64 0.273256
296 287 0.384556
297 316 0.132573
297 213 0.154593
297 80 0.154636
297 142 0.157237
297 0 0.161846
297 332 0.161998
297 212 0.172201
297 489 0.182215
297 84 0.187193
297 417 0.210436
298 90 0.157343
298 351 0.161546
298 305 0.163558
298 472 0.189779
299 469 0.136054
299 176 0.146680
299 499 0.417091
300 92 0.153398
300 290 0.157292
300 181 0.173590
301 77 0.146253
301 60 0.161008
301 447 0.165086
301 326 0.166079
301 445 0.191497
302 478 0.147779
302 0 0.151106
302 389 0.159985
302 48 0.178805
302 452 0.181497
302 212 0.250958
303 98 0.333749
304 283 0.132578
304 83 0.138941
304 289 0.156669
304 97 0.162977
304 338 0.208016
305 298 0.163558
305 173 0.228567
306 317 0.168263
306 493 0.207308
306 383 0.219735
307 431 0.150099
307 364 0.200198
307 331 0.200856
307 275 0.216618
307 190 0.218995
307 483 0.333041
308 410 0.143605
308 47 0.157342
308 33 0.157502
308 37 0.186536
308 40 0.197122
309 201 0.182196
309 416 0.250765
310 450 0.170639
311 45 0.144049
311 245 0.147655
311 267 0.157780
311 149 0.166766
311 363 0.168264
311 327 0.171309
311 239 0.225736
311 402 0.236409
311 226 0.241634
311 367 0.383761
312 231 0.143284
312 153 0.152421
312 0 0.163733
312 322 0.178930
312 376 0.214623
312 487 0.241223
313 193 0.146971
313 175 0.147836
313 203 0.152974
313 1 0.158802
313 321 0.161884
313 231 0.164040
313 76 0.176823
313 492 0.178303
313 355 0.178894
313 135 0.181191
313 170 0.202162
314 24 0.174758
314 384 0.248357
315 146 0.226443
315 66 0.227137
315 266 0.308169
316 297 0.132573
316 115 0.155819
316 382 0.160976
316 186 0.185089
317 223 0.136811
317 418 0.138632
317 481 0.155158
317 306 0.168263
317 441 0.169825
317 58 0.176557
317 482 0.442041
318 170 0.168876
318 112 0.174666
318 460 0.186713
318 432 0.203941
318 260 0.219904
319 491 0.207017
319 60 0.218403
319 202 0.229525
319 337 0.274590
320 442 0.178511
320 169 0.190562
320 353 0.263240
320 384 0.319241
321 59 0.144606
321 313 0.161884
321 199 0.165967
321 387 0.166868
321 322 0.192104
321 113 0.194411
322 88 0.162605
322 433 0.165669
322 193 0.176483
322 231 0.186264
322 84 0.220299
322 59 0.261649
323 227 0.172066
323 145 0.172346
323 233 0.201947
323 417 0.202710
323 475 0.217670
324 340 0.139929
324 362 0.146685
324 285 0.163715
324 151 0.169643
325 179 0.159236
325 202 0.164495
325 51 0.164824
325 448 0.188090
325 385 0.201420
325 476 0.221304
325 333 0.357596
326 156 0.156839
326 301 0.166079
326 294 0.168048
326 276 0.171399
326 30 0.180187
326 92 0.407814
327 490 0.153700
327 357 0.160626
327 311 0.171309
327 55 0.194543
327 228 0.201566
328 138 0.147446
328 110 0.162905
328 434 0.221525
329 405 0.158596
329 227 0.165452
329 195 0.167480
329 145 0.168219
329 420 0.187786
329 426 0.239471
330 410 0.155025
330 100 0.162514
330 72 0.182506
331 244 0.155500
331 189 0.173278
331 291 0.182860
331 479 0.192113
331 50 0.405842
332 297 0.161998
332 468 0.174225
332 439 0.185906
333 69 0.158121
333 459 0.159573
333 472 0.164244
333 90 0.170722
333 311 0.176547
333 78 0.179534
334 225 0.135417
334 324 0.181294
334 5 0.204056
335 206 0.219666
335 471 0.229524
335 446 0.272147
336 246 0.124103
336 169 0.135266
336 238 0.144329
336 183 0.151650
336 295 0.154489
336 486 0.159979
336 247 0.161368
336 424 0.211046
337 58 0.162253
337 6 0.195781
337 474 0.198205
337 189 0.292005
338 247 0.171943
338 304 0.208016
338 233 0.256406
339 418 0.172443
339 184 0.192465
340 324 0.139929
340 5 0.140053
340 490 0.141059
340 466 0.141855
340 220 0.145524
340 334 0.162782
340 119 0.164166
340 204 0.244848
341 93 0.139466
341 15 0.146803
341 225 0.153357
341 490 0.165481
341 429 0.189108
342 44 0.179110
342 65 0.199029
342 395 0.240779
343 277 0.141372
343 99 0.146227
343 178 0.158704
343 229 0.182569
343 158 0.259179
344 292 0.158474
344 76 0.166566
344 397 0.170859
344 349 0.176129
344 405 0.188551
344 436 0.195450
344 63 0.197441
344 108 0.217846
345 259 0.146504
345 231 0.151167
345 427 0.155835
345 69 0.156096
345 376 0.188042
345 48 0.227250
345 424 0.234950
346 141 0.150762
346 97 0.177300
346 486 0.190605
347 103 0.269379
347 482 0.272928
348 398 0.174800
348 201 0.209767
348 230 0.215185
348 315 0.308779
349 409 0.152107
349 129 0.159637
349 344 0.176129
349 122 0.179362
349 356 0.180930
349 51 0.181055
349 400 0.190087
349 493 0.195667
350 8 0.160011
350 435 0.165924
350 398 0.180289
350 127 0.184832
350 408 0.207101
350 268 0.213183
350 371 0.214643
350 64 0.270143
351 228 0.161118
351 298 0.161546
351 173 0.181462
351 45 0.194790
351 353 0.263641
352 86 0.189280
352 266 0.210419
352 29 0.229271
353 386 0.217425
353 288 0.240788
353 173 0.331737
354 34 0.190953
354 29 0.208324
354 400 0.214530
355 51 0.164512
355 313 0.178894
355 387 0.183756
355 134 0.194253
355 414 0.197679
355 393 0.364504
356 349 0.180930
356 432 0.225148
356 170 0.229263
356 174 0.265789
357 327 0.160626
357 93 0.174068
357 408 0.201556
357 226 0.245465
357 280 0.646387
358 203 0.152710
358 177 0.162248
358 494 0.165873
358 122 0.181051
358 468 0.181156
358 16 0.618879
359 432 0.165484
359 159 0.190504
360 204 0.248341
360 15 0.333953
360 20 0.623602
361 281 0.183091
361 387 0.203468
361 121 0.206106
361 206 0.248381
361 236 0.297174
361 139 0.314037
362 324 0.146685
362 248 0.153584
362 290 0.164950
362 215 0.165500
362 143 0.174537
363 311 0.168264
363 228 0.203694
363 324 0.325929
363 429 0.414663
364 210 0.139423
364 499 0.170863
364 307 0.200198
364 458 0.211086
365 14 0.166941
365 161 0.196106
365 439 0.216295
365 74 0.226003
365 297 0.241983
366 432 0.183225
366 489 0.192752
367 127 0.232309
367 3 0.316955
367 279 0.621972
368 410 0.136108
368 35 0.186891
369 398 0.238972
369 64 0.246964
370 121 0.140909
370 199 0.158223
370 180 0.164859
370 175 0.237453
370 116 0.258889
371 49 0.188959
371 350 0.214643
371 367 0.292044
371 56 0.398350
372 431 0.145606
372 203 0.158698
372 66 0.188372
372 84 0.319375
372 458 0.399988
373 66 0.151141
373 470 0.152634
373 176 0.152841
373 148 0.170240
373 7 0.178162
374 390 0.120724
374 254 0.147768
374 483 0.205186
375 387 0.150559
375 199 0.154537
375 23 0.412877
376 168 0.172265
376 345 0.188042
376 387 0.217632
376 141 0.261654
377 488 0.252909
378 38 0.149690
378 484 0.161591
378 499 0.163057
378 431 0.175202
379 218 0.184900
379 171 0.192379
379 272 0.226173
380 407 0.171797
380 467 0.228739
380 419 0.237156
380 22 0.261401
380 164 0.286456
380 50 0.314033
380 31 0.341690
380 53 0.614031
381 171 0.159028
381 116 0.183471
381 210 0.186163
382 109 0.125420
382 75 0.130366
382 153 0.131794
382 316 0.160976
382 80 0.185407
383 481 0.215180
383 160 0.255126
383 482 0.272323
383 477 0.312245
383 182 0.475179
384 90 0.192037
384 314 0.248357
384 305 0.255779
385 105 0.168627
385 57 0.168706
385 291 0.180513
385 158 0.189769
385 174 0.191265
385 325 0.201420
385 95 0.204314
385 70 0.221205
385 243 0.223756
386 81 0.154599
386 114 0.198505
386 320 0.201649
386 351 0.210762
386 353 0.217425
386 333 0.223299
386 412 0.237269
387 375 0.150559
387 83 0.151095
387 30 0.162713
387 238 0.164430
387 321 0.166868
387 399 0.170925
387 355 0.183756
387 492 0.197956
387 361 0.203468
388 296 0.193731
388 398 0.216828
388 3 0.268187
388 32 0.284203
388 367 0.308346
389 302 0.159985
389 430 0.206220
390 374 0.120724
390 484 0.157652
390 450 0.160267
390 178 0.181904
390 144 0.199767
391 45 0.194507
391 273 0.210970
391 298 0.258801
391 91 0.803771
392 481 0.175742
392 412 0.184434
392 421 0.301622
393 109 0.129508
393 165 0.146792
393 415 0.178983
394 398 0.193456
394 3 0.292749
394 107 0.467024
395 258 0.204463
395 31 0.204881
396 154 0.225588
396 202 0.231227
396 181 0.436323
397 227 0.143555
397 135 0.153427
397 475 0.161938
397 344 0.170859
397 239 0.174460
397 264 0.176758
397 206 0.189338
397 296 0.234191
397 52 0.449534
397 164 0.503108
398 348 0.174800
398 189 0.178070
398 350 0.180289
398 146 0.180458
398 394 0.193456
398 388 0.216828
398 36 0.219523
398 369 0.238972
399 486 0.149580
399 283 0.164161
399 97 0.170670
399 387 0.170925
399 79 0.239533
400 74 0.162892
400 121 0.169839
400 292 0.182331
400 473 0.185430
400 349 0.190087
400 111 0.190114
400 354 0.214530
400 163 0.301353
401 14 0.138825
401 267 0.143614
401 211 0.149160
401 231 0.152597
401 476 0.154589
401 85 0.172393
401 236 0.189373
401 480 0.204914
401 224 0.205527
402 50 0.166873
402 407 0.199971
402 408 0.224373
403 22 0.150612
403 431 0.165081
403 291 0.167544
403 331 0.178407
403 13 0.204485
403 379 0.282478
404 215 0.153132
404 294 0.197486
404 28 0.201523
404 422 0.209336
405 329 0.158596
405 117 0.186719
405 344 0.188551
406 472 0.185326
406 261 0.200359
406 425 0.221078
406 267 0.236517
407 135 0.169889
407 380 0.171797
407 239 0.198053
407 402 0.199971
407 459 0.220053
407 296 0.235978
407 287 0.380434
407 27 0.492028
408 125 0.142698
408 149 0.145637
408 49 0.167827
408 340 0.182094
408 357 0.201556
408 204 0.206282
408 350 0.207101
408 402 0.224373
408 250 0.224414
408 303 0.622962
409 203 0.132862
409 264 0.134795
409 278 0.147919
409 177 0.148768
409 8 0.151022
409 349 0.152107
409 216 0.156084
409 10 0.159806
409 66 0.169540
409 73 0.314422
410 368 0.136108
410 308 0.143605
410 262 0.144841
410 330 0.155025
410 110 0.181317
411 95 0.180714
411 234 0.236693
411 277 0.302237
412 45 0.175197
412 392 0.184434
412 243 0.206866
412 139 0.208072
412 446 0.502815
412 280 0.624885
412 11 0.663370
413 492 0.145892
413 1 0.146733
413 104 0.152944
413 273 0.154716
413 461 0.176055
413 244 0.181567
413 76 0.186163
413 175 0.188619
413 284 0.189660
414 243 0.169403
414 481 0.174551
414 355 0.197679
414 135 0.219350
414 319 0.285778
415 83 0.145429
415 485 0.149887
415 393 0.178983
416 146 0.205375
416 192 0.227394
416 309 0.250765
417 425 0.166218
417 462 0.191268
417 323 0.202710
417 212 0.280974
418 265 0.136412
418 317 0.138632
418 339 0.172443
418 477 0.224174
419 162 0.214597
419 296 0.227501
419 380 0.237156
419 98 0.255964
420 226 0.187231
420 140 0.187238
420 329 0.187786
420 300 0.528469
421 113 0.142819
421 166 0.189333
421 437 0.193034
421 459 0.207022
422 78 0.187416
422 404 0.209336
422 497 0.488505
423 211 0.192322
423 5 0.217192
423 54 0.293544
424 472 0.202709
424 153 0.213006
424 89 0.216779
425 81 0.149333
425 170 0.153962
425 231 0.163888
425 75 0.163969
425 417 0.166218
425 153 0.166373
425 281 0.175375
425 475 0.215154
425 9 0.298576
426 463 0.211439
426 195 0.251936
427 345 0.155835
427 428 0.190417
427 45 0.197723
427 6 0.203546
428 156 0.132167
428 47 0.153660
428 276 0.156336
428 427 0.190417
428 262 0.195309
428 301 0.207208
428 319 0.236707
429 341 0.189108
429 457 0.223181
429 55 0.239245
430 487 0.149915
430 71 0.162980
430 456 0.164382
430 138 0.170738
430 168 0.197819
430 389 0.206220
431 244 0.129447
431 271 0.142520
431 372 0.145606
431 307 0.150099
431 461 0.152560
431 403 0.165081
431 197 0.165523
431 409 0.166739
431 129 0.173902
431 378 0.175202
431 210 0.176304
431 163 0.214710
432 359 0.165484
432 439 0.167879
432 366 0.183225
432 124 0.194575
432 318 0.203941
432 356 0.225148
432 480 0.262018
433 66 0.149201
433 468 0.155400
433 10 0.155813
433 203 0.160179
433 487 0.161380
433 230 0.162598
433 322 0.165669
433 142 0.177877
433 4 0.188948
434 219 0.219972
434 328 0.221525
434 32 0.236893
435 350 0.165924
435 200 0.187729
435 36 0.204186
435 31 0.209376
435 219 0.243685
436 51 0.158760
436 105 0.171571
436 344 0.195450
436 288 0.386443
436 418 0.527837
437 175 0.172519
437 273 0.182374
437 421 0.193034
437 26 0.286431
438 466 0.145413
438 56 0.168188
438 151 0.171784
439 432 0.167879
439 462 0.171924
439 253 0.184081
439 332 0.185906
439 237 0.194228
439 365 0.216295
440 264 0.163916
440 210 0.239788
440 329 0.282592
441 243 0.150054
441 61 0.169621
441 317 0.169825
441 207 0.172785
441 184 0.184428
441 383 0.222521
441 73 0.222624
442 68 0.160146
442 81 0.166439
442 320 0.178511
442 114 0.189239
442 338 0.332421
443 194 0.111239
443 457 0.135285
443 270 0.138401
444 83 0.153413
444 30 0.160863
444 109 0.176292
445 495 0.168635
445 301 0.191497
445 155 0.241210
445 330 0.242678
446 335 0.272147
447 301 0.165086
447 141 0.183959
447 167 0.195361
448 325 0.188090
448 44 0.188609
448 101 0.194936
448 313 0.212189
448 97 0.393807
449 50 0.221551
449 20 0.281358
449 360 0.381205
450 123 0.158227
450 390 0.160267
450 310 0.170639
450 483 0.205472
451 133 0.162223
452 118 0.169156
452 249 0.171518
452 302 0.181497
453 101 0.162328
453 211 0.163674
453 109 0.173443
453 97 0.385929
454 265 0.194184
455 29 0.148811
455 197 0.165760
455 122 0.173053
455 63 0.190308
455 400 0.190503
455 172 0.283090
455 498 0.283466
456 430 0.164382
456 43 0.192834
457 443 0.135285
457 15 0.144652
458 171 0.184687
458 364 0.211086
458 91 0.240495
459 333 0.159573
459 45 0.163681
459 169 0.182847
459 276 0.187200
459 421 0.207022
459 26 0.213069
459 345 0.217310
459 298 0.248719
460 81 0.167444
460 166 0.177341
460 318 0.186713
460 199 0.187982
460 121 0.194350
460 336 0.222141
461 431 0.152560
461 203 0.164280
461 113 0.167365
461 116 0.167803
461 413 0.176055
461 437 0.244376
462 188 0.138335
462 439 0.171924
462 489 0.180452
462 417 0.191268
462 198 0.231287
462 359 0.327411
463 68 0.173925
463 397 0.201863
463 426 0.211439
463 263 0.250556
464 24 0.140193
464 183 0.155320
464 241 0.180035
464 295 0.188360
465 249 0.125266
465 106 0.129145
465 115 0.135478
466 225 0.130733
466 340 0.141855
466 497 0.143428
466 438 0.145413
467 49 0.213370
467 380 0.228739
468 126 0.149283
468 80 0.155271
468 433 0.155400
468 478 0.164675
468 88 0.164925
468 84 0.168816
468 332 0.174225
468 358 0.181156
468 9 0.272989
469 299 0.136054
469 171 0.142487
469 91 0.162483
470 373 0.152634
470 161 0.179730
470 266 0.185951
470 34 0.186962
470 29 0.195955
471 117 0.164343
471 286 0.184380
471 292 0.205186
471 16 0.236831
472 333 0.164244
472 169 0.165182
472 406 0.185326
472 298 0.189779
472 238 0.190978
472 424 0.202709
472 113 0.234646
472 391 0.252315
473 253 0.146613
473 400 0.185430
473 124 0.201678
473 170 0.218948
473 260 0.224006
473 256 0.288915
474 291 0.177703
474 337 0.198205
474 13 0.204150
474 179 0.217042
474 476 0.246891
474 368 0.331831
475 397 0.161938
475 476 0.188028
475 425 0.215154
475 323 0.217670
475 237 0.225487
475 43 0.545244
476 130 0.132948
476 8 0.144372
476 200 0.149287
476 191 0.150893
476 401 0.154589
476 101 0.154745
476 259 0.160233
476 258 0.160574
476 48 0.169729
476 433 0.177006
476 475 0.188028
476 155 0.209916
476 319 0.262408
477 418 0.224174
477 383 0.312245
478 302 0.147779
478 142 0.162138
478 468 0.164675
478 237 0.182649
478 487 0.184785
478 489 0.254082
478 120 0.259376
479 202 0.165411
479 44 0.169092
479 8 0.170274
479 203 0.174425
479 185 0.177453
479 102 0.189102
479 331 0.192113
479 413 0.194464
479 196 0.219868
479 236 0.240043
480 237 0.182640
480 191 0.193055
480 85 0.234714
480 330 0.436177
481 317 0.155158
481 414 0.174551
481 392 0.175742
481 383 0.215180
481 62 0.220821
481 498 0.229323
481 9 0.262868
482 383 0.272323
482 347 0.272928
482 11 0.307098
483 484 0.143128
483 450 0.205472
483 499 0.255221
484 483 0.143128
484 254 0.154714
484 390 0.157652
484 378 0.161591
484 190 0.313703
485 289 0.149065
485 415 0.149887
485 283 0.182292
486 30 0.128198
486 399 0.149580
486 336 0.159979
486 294 0.185742
487 48 0.147559
487 430 0.149915
